chi2=2.235802
p=5.249310e-01
dof=3
shape=(4, 2)