chi2=43.469627
p=3.258734e-01
dof=40
shape=(41, 2)