chi2=15.180117
p=4.341857e-03
dof=4
shape=(5, 2)