chi2=3.676421
p=5.968767e-01
dof=5
shape=(6, 2)