chi2=0.011557
p=9.143881e-01
dof=1
shape=(2, 2)