chi2=4.242782
p=8.345813e-01
dof=8
shape=(9, 2)