chi2=12.673637
p=5.398269e-03
dof=3
shape=(4, 2)