chi2=25.207645
p=1.386899e-02
dof=12
shape=(13, 2)