chi2=5.134393
p=1.622166e-01
dof=3
shape=(4, 2)