chi2=15.423189
p=1.639311e-01
dof=11
shape=(12, 2)