chi2=4.764007
p=9.236533e-02
dof=2
shape=(3, 2)