chi2=0.814344
p=6.655296e-01
dof=2
shape=(3, 2)