chi2=51.834209
p=1.886534e-03
dof=26
shape=(27, 2)