chi2=2.822804
p=4.197597e-01
dof=3
shape=(4, 2)