chi2=4.438318
p=1.087005e-01
dof=2
shape=(3, 2)