chi2=8.346515
p=2.137998e-01
dof=6
shape=(7, 2)