chi2=0.007985
p=9.287970e-01
dof=1
shape=(2, 2)