chi2=14.418967
p=5.675323e-01
dof=16
shape=(17, 2)