chi2=8.946126
p=4.422620e-01
dof=9
shape=(10, 2)