chi2=10.377160
p=1.275838e-03
dof=1
shape=(2, 2)