chi2=14.414954
p=4.427442e-02
dof=7
shape=(8, 2)