chi2=20.119354
p=2.814380e-02
dof=10
shape=(11, 2)