chi2=17.764677
p=6.847993e-03
dof=6
shape=(7, 2)