chi2=22.159060
p=1.431448e-02
dof=10
shape=(11, 2)