chi2=51.382854
p=1.782733e-01
dof=43
shape=(44, 2)