chi2=13.833253
p=1.670404e-02
dof=5
shape=(6, 2)