chi2=27.831960
p=3.311198e-02
dof=16
shape=(17, 2)